(([0, 0, 0, 1], [0, 0, 1, 0]), 'RIGHT', -1, ([0, 0, 0, 1], [0, 0, 1, 0]))
(([0, 0, 0, 1], [0, 0, 1, 0]), 'RIGHT', -1, ([0, 0, 0, 1], [0, 0, 1, 0]))
(([0, 0, 0, 1], [0, 0, 1, 0]), 'RIGHT', -1, ([0, 0, 0, 1], [0, 0, 1, 0]))
(([0, 0, 0, 1], [0, 0, 1, 0]), 'RIGHT', -1, ([0, 0, 0, 1], [0, 0, 1, 0]))
(([0, 0, 0, 1], [0, 0, 1, 0]), 'RIGHT', -1, ([0, 0, 0, 1], [0, 0, 1, 0]))
(([0, 0, 0, 1], [0, 0, 1, 0]), 'RIGHT', -1, ([0, 0, 0, 1], [0, 0, 1, 0]))
(([0, 0, 0, 1], [0, 0, 1, 0]), 'RIGHT', -1, ([0, 0, 0, 1], [0, 0, 1, 0]))
(([0, 0, 0, 1], [0, 0, 1, 0]), 'RIGHT', -1, ([0, 0, 0, 1], [0, 0, 1, 0]))
(([0, 0, 0, 1], [0, 0, 1, 0]), 'RIGHT', -1, ([0, 0, 0, 1], [0, 0, 1, 0]))
(([0, 0, 0, 1], [0, 0, 1, 0]), 'RIGHT', -1, ([0, 0, 0, 1], [0, 0, 1, 0]))
(([0, 0, 0, 1], [0, 0, 1, 0]), 'RIGHT', 50, ([0, 0, 0, 1], [0, 1, 1, 0]))
(([0, 0, 0, 1], [0, 1, 1, 0]), 'RIGHT', -1, ([0, 0, 0, 1], [0, 1, 1, 0]))
(([0, 0, 0, 1], [0, 1, 1, 0]), 'RIGHT', -1, ([0, 0, 0, 1], [0, 1, 1, 0]))
(([0, 0, 0, 1], [0, 1, 1, 0]), 'RIGHT', -1, ([0, 0, 0, 1], [0, 1, 1, 0]))
(([0, 0, 0, 1], [0, 1, 1, 0]), 'RIGHT', -1, ([0, 0, 0, 1], [0, 1, 1, 0]))
(([0, 0, 0, 1], [0, 1, 1, 0]), 'RIGHT', -1, ([0, 0, 0, 1], [0, 1, 1, 0]))
(([0, 0, 0, 1], [0, 1, 1, 0]), 'RIGHT', -1, ([0, 0, 0, 1], [0, 1, 1, 0]))
(([0, 0, 0, 1], [0, 1, 1, 0]), 'RIGHT', -1, ([0, 0, 0, 1], [0, 1, 1, 0]))
(([0, 0, 0, 1], [0, 1, 1, 0]), 'RIGHT', -1, ([0, 0, 0, 1], [0, 1, 1, 0]))
(([0, 0, 0, 1], [0, 1, 1, 0]), 'RIGHT', -1, ([0, 0, 0, 1], [0, 1, 1, 0]))
(([0, 0, 0, 1], [0, 1, 1, 0]), 'RIGHT', -1, ([0, 0, 0, 1], [0, 1, 1, 0]))
(([0, 0, 0, 1], [0, 1, 1, 0]), 'RIGHT', -1, ([0, 0, 0, 1], [0, 1, 1, 0]))
(([0, 0, 0, 1], [0, 1, 1, 0]), 'RIGHT', -1, ([0, 0, 0, 1], [0, 1, 0, 0]))
(([0, 0, 0, 1], [0, 1, 0, 0]), 'RIGHT', -1, ([0, 0, 0, 1], [0, 1, 0, 1]))
(([0, 0, 0, 1], [0, 1, 0, 1]), 'RIGHT', -1, ([0, 0, 0, 1], [0, 1, 0, 1]))
(([0, 0, 0, 1], [0, 1, 0, 1]), 'RIGHT', -1, ([0, 0, 0, 1], [0, 1, 0, 1]))
(([0, 0, 0, 1], [0, 1, 0, 1]), 'RIGHT', -1, ([0, 0, 0, 1], [0, 1, 0, 1]))
(([0, 0, 0, 1], [0, 1, 0, 1]), 'RIGHT', -1, ([0, 0, 0, 1], [0, 1, 0, 1]))
(([0, 0, 0, 1], [0, 1, 0, 1]), 'RIGHT', -1, ([0, 0, 0, 1], [0, 1, 0, 1]))
(([0, 0, 0, 1], [0, 1, 0, 1]), 'RIGHT', -1, ([0, 0, 0, 1], [0, 1, 0, 1]))
(([0, 0, 0, 1], [0, 1, 0, 1]), 'RIGHT', -1, ([0, 0, 0, 1], [0, 1, 0, 1]))
(([0, 0, 0, 1], [0, 1, 0, 1]), 'RIGHT', -1, ([0, 0, 0, 1], [0, 1, 0, 1]))
(([0, 0, 0, 1], [0, 1, 0, 1]), 'RIGHT', -1, ([0, 0, 0, 1], [0, 1, 0, 1]))
(([0, 0, 0, 1], [0, 1, 0, 1]), 'RIGHT', -1, ([0, 0, 0, 1], [0, 1, 0, 1]))
(([0, 0, 0, 1], [0, 1, 0, 1]), 'RIGHT', -1, ([0, 0, 0, 1], [0, 1, 0, 1]))
(([0, 0, 0, 1], [0, 1, 0, 1]), 'RIGHT', -1, ([0, 0, 0, 1], [0, 1, 0, 1]))
(([0, 0, 0, 1], [0, 1, 0, 1]), 'RIGHT', -1, ([0, 0, 0, 1], [0, 1, 0, 1]))
(([0, 0, 0, 1], [0, 1, 0, 1]), 'RIGHT', -1, ([0, 0, 0, 1], [0, 1, 0, 1]))
(([0, 0, 0, 1], [0, 1, 0, 1]), 'RIGHT', -1, ([0, 0, 0, 1], [0, 1, 0, 1]))
(([0, 0, 0, 1], [0, 1, 0, 1]), 'RIGHT', -1, ([0, 0, 0, 1], [0, 1, 0, 1]))
(([0, 0, 0, 1], [0, 1, 0, 1]), 'RIGHT', -1, ([0, 0, 0, 1], [0, 1, 0, 1]))
(([0, 0, 0, 1], [0, 1, 0, 1]), 'RIGHT', -1, ([0, 0, 0, 1], [0, 1, 0, 1]))
(([0, 0, 0, 1], [0, 1, 0, 1]), 'RIGHT', -1, ([0, 0, 0, 1], [0, 1, 0, 1]))
(([0, 0, 0, 1], [0, 1, 0, 1]), 'RIGHT', -1, ([0, 0, 0, 1], [0, 1, 0, 1]))
(([0, 0, 0, 1], [0, 1, 0, 1]), 'RIGHT', -1, ([0, 0, 0, 1], [0, 1, 0, 1]))
(([0, 0, 0, 1], [0, 1, 0, 1]), 'RIGHT', -1, ([0, 0, 0, 1], [0, 1, 0, 1]))
(([0, 0, 0, 1], [0, 1, 0, 1]), 'RIGHT', -1, ([0, 0, 0, 1], [0, 1, 0, 1]))
(([0, 0, 0, 1], [0, 1, 0, 1]), 'RIGHT', -1, ([0, 0, 0, 1], [0, 1, 0, 1]))
(([0, 0, 0, 1], [0, 1, 0, 1]), 'RIGHT', -1, ([0, 0, 0, 1], [0, 1, 0, 1]))
(([0, 0, 0, 1], [0, 1, 0, 1]), 'RIGHT', -1, ([0, 0, 0, 1], [0, 1, 0, 1]))
(([0, 0, 0, 1], [0, 1, 0, 1]), 'RIGHT', -1, ([0, 0, 0, 1], [0, 1, 0, 1]))
(([0, 0, 0, 1], [0, 1, 0, 1]), 'RIGHT', -1, ([0, 0, 0, 1], [0, 1, 0, 1]))
(([0, 0, 0, 1], [0, 1, 0, 1]), 'RIGHT', -1, ([0, 0, 0, 1], [0, 1, 0, 1]))
(([0, 0, 0, 1], [0, 1, 0, 1]), 'RIGHT', -1, ([0, 0, 0, 1], [0, 1, 0, 1]))
(([0, 0, 0, 1], [0, 1, 0, 1]), 'RIGHT', -1, ([0, 0, 0, 1], [0, 1, 0, 1]))
(([0, 0, 0, 1], [0, 1, 0, 1]), 'RIGHT', -1, ([0, 0, 0, 1], [0, 1, 0, 1]))
(([0, 0, 0, 1], [0, 1, 0, 1]), 'RIGHT', -1, ([0, 0, 1, 1], [0, 1, 0, 1]))
(([0, 0, 1, 1], [0, 1, 0, 1]), 'RIGHT', -100, ([0, 0, 0, 1], [0, 1, 1, 0]))
(([0, 0, 0, 1], [0, 1, 1, 0]), 'RIGHT', -1, ([0, 0, 0, 1], [0, 1, 1, 0]))
(([0, 0, 0, 1], [0, 1, 1, 0]), 'RIGHT', -1, ([0, 0, 0, 1], [0, 1, 1, 0]))
(([0, 0, 0, 1], [0, 1, 1, 0]), 'RIGHT', -1, ([0, 0, 0, 1], [0, 1, 1, 0]))
(([0, 0, 0, 1], [0, 1, 1, 0]), 'RIGHT', -1, ([0, 0, 0, 1], [0, 1, 1, 0]))
(([0, 0, 0, 1], [0, 1, 1, 0]), 'RIGHT', -1, ([0, 0, 0, 1], [0, 1, 1, 0]))
(([0, 0, 0, 1], [0, 1, 1, 0]), 'RIGHT', -1, ([0, 0, 0, 1], [0, 1, 1, 0]))
(([0, 0, 0, 1], [0, 1, 1, 0]), 'RIGHT', -1, ([0, 0, 0, 1], [0, 1, 1, 0]))
(([0, 0, 0, 1], [0, 1, 1, 0]), 'RIGHT', -1, ([0, 0, 0, 1], [0, 1, 1, 0]))
(([0, 0, 0, 1], [0, 1, 1, 0]), 'RIGHT', -1, ([0, 0, 0, 1], [0, 1, 1, 0]))
(([0, 0, 0, 1], [0, 1, 1, 0]), 'RIGHT', -1, ([0, 0, 0, 1], [0, 1, 1, 0]))
(([0, 0, 0, 1], [0, 1, 1, 0]), 'RIGHT', -1, ([0, 0, 0, 1], [0, 1, 1, 0]))
(([0, 0, 0, 1], [0, 1, 1, 0]), 'RIGHT', -1, ([0, 0, 0, 1], [0, 1, 1, 0]))
(([0, 0, 0, 1], [0, 1, 1, 0]), 'RIGHT', -1, ([0, 0, 0, 1], [0, 1, 1, 0]))
(([0, 0, 0, 1], [0, 1, 1, 0]), 'RIGHT', -1, ([0, 0, 0, 1], [0, 1, 1, 0]))
(([0, 0, 0, 1], [0, 1, 1, 0]), 'RIGHT', -1, ([0, 0, 0, 1], [0, 1, 1, 0]))
(([0, 0, 0, 1], [0, 1, 1, 0]), 'RIGHT', -1, ([0, 0, 0, 1], [0, 1, 1, 0]))
(([0, 0, 0, 1], [0, 1, 1, 0]), 'RIGHT', -1, ([0, 0, 0, 1], [0, 1, 1, 0]))
(([0, 0, 0, 1], [0, 1, 1, 0]), 'RIGHT', -1, ([0, 0, 0, 1], [0, 1, 1, 0]))
(([0, 0, 0, 1], [0, 1, 1, 0]), 'RIGHT', -1, ([0, 0, 0, 1], [0, 1, 1, 0]))
(([0, 0, 0, 1], [0, 1, 1, 0]), 'RIGHT', -1, ([0, 0, 0, 1], [0, 1, 1, 0]))
(([0, 0, 0, 1], [0, 1, 1, 0]), 'RIGHT', -1, ([0, 0, 0, 1], [0, 1, 1, 0]))
(([0, 0, 0, 1], [0, 1, 1, 0]), 'RIGHT', -1, ([0, 0, 0, 1], [0, 1, 1, 0]))
(([0, 0, 0, 1], [0, 1, 1, 0]), 'RIGHT', -1, ([0, 0, 0, 1], [0, 1, 1, 0]))
(([0, 0, 0, 1], [0, 1, 1, 0]), 'RIGHT', -1, ([0, 0, 0, 1], [0, 1, 1, 0]))
(([0, 0, 0, 1], [0, 1, 1, 0]), 'RIGHT', -1, ([0, 0, 0, 1], [0, 1, 1, 0]))
(([0, 0, 0, 1], [0, 1, 1, 0]), 'RIGHT', -1, ([0, 0, 0, 1], [0, 1, 1, 0]))
(([0, 0, 0, 1], [0, 1, 1, 0]), 'RIGHT', -1, ([0, 0, 0, 1], [0, 1, 1, 0]))
(([0, 0, 0, 1], [0, 1, 1, 0]), 'RIGHT', -1, ([0, 0, 0, 1], [0, 1, 1, 0]))
(([0, 0, 0, 1], [0, 1, 1, 0]), 'RIGHT', -1, ([0, 0, 0, 1], [0, 1, 1, 0]))
(([0, 0, 0, 1], [0, 1, 1, 0]), 'RIGHT', -1, ([0, 0, 0, 1], [0, 1, 1, 0]))
(([0, 0, 0, 1], [0, 1, 1, 0]), 'RIGHT', -1, ([0, 0, 0, 1], [0, 1, 1, 0]))
(([0, 0, 0, 1], [0, 1, 1, 0]), 'RIGHT', -1, ([0, 0, 0, 1], [0, 1, 1, 0]))
(([0, 0, 0, 1], [0, 1, 1, 0]), 'RIGHT', -1, ([0, 0, 0, 1], [0, 1, 1, 0]))
(([0, 0, 0, 1], [0, 1, 1, 0]), 'RIGHT', -1, ([0, 0, 0, 1], [0, 1, 1, 0]))
(([0, 0, 0, 1], [0, 1, 1, 0]), 'RIGHT', -1, ([0, 0, 0, 1], [0, 1, 1, 0]))
(([0, 0, 0, 1], [0, 1, 1, 0]), 'RIGHT', -1, ([0, 0, 0, 1], [0, 1, 1, 0]))
(([0, 0, 0, 1], [0, 1, 1, 0]), 'RIGHT', -1, ([0, 0, 0, 1], [0, 1, 1, 0]))
(([0, 0, 0, 1], [0, 1, 1, 0]), 'RIGHT', -1, ([0, 0, 0, 1], [0, 1, 1, 0]))
(([0, 0, 0, 1], [0, 1, 1, 0]), 'RIGHT', -1, ([0, 0, 0, 1], [0, 1, 1, 0]))
(([0, 0, 0, 1], [0, 1, 1, 0]), 'RIGHT', -1, ([0, 0, 0, 1], [0, 1, 1, 0]))
(([0, 0, 0, 1], [0, 1, 1, 0]), 'RIGHT', -1, ([0, 0, 0, 1], [0, 1, 1, 0]))
(([0, 0, 0, 1], [0, 1, 1, 0]), 'RIGHT', -1, ([0, 0, 0, 1], [0, 1, 1, 0]))
(([0, 0, 0, 1], [0, 1, 1, 0]), 'RIGHT', -1, ([0, 0, 0, 1], [0, 1, 1, 0]))
(([0, 0, 0, 1], [0, 1, 1, 0]), 'RIGHT', -1, ([0, 0, 0, 1], [0, 1, 1, 0]))
(([0, 0, 0, 1], [0, 1, 1, 0]), 'RIGHT', -1, ([0, 0, 0, 1], [0, 1, 1, 0]))
(([0, 0, 0, 1], [0, 1, 1, 0]), 'RIGHT', -1, ([0, 0, 0, 1], [0, 1, 1, 0]))
(([0, 0, 0, 1], [0, 1, 1, 0]), 'RIGHT', -1, ([0, 0, 0, 1], [0, 1, 1, 0]))
(([0, 0, 0, 1], [0, 1, 1, 0]), 'RIGHT', -1, ([0, 0, 0, 1], [0, 1, 1, 0]))
(([0, 0, 0, 1], [0, 1, 1, 0]), 'RIGHT', -1, ([0, 0, 0, 1], [0, 1, 1, 0]))
(([0, 0, 0, 1], [0, 1, 1, 0]), 'RIGHT', -1, ([0, 0, 0, 1], [0, 1, 1, 0]))
(([0, 0, 0, 1], [0, 1, 1, 0]), 'RIGHT', -1, ([0, 0, 0, 1], [0, 1, 1, 0]))
(([0, 0, 0, 1], [0, 1, 1, 0]), 'RIGHT', -1, ([0, 0, 0, 1], [0, 1, 1, 0]))
(([0, 0, 0, 1], [0, 1, 1, 0]), 'RIGHT', -1, ([0, 0, 0, 1], [0, 1, 1, 0]))
(([0, 0, 0, 1], [0, 1, 1, 0]), 'RIGHT', -1, ([0, 0, 0, 1], [0, 1, 0, 0]))
(([0, 0, 0, 1], [0, 1, 0, 0]), 'RIGHT', -1, ([0, 0, 0, 1], [0, 1, 0, 1]))
(([0, 0, 0, 1], [0, 1, 0, 1]), 'RIGHT', -1, ([0, 0, 0, 1], [0, 1, 0, 1]))
(([0, 0, 0, 1], [0, 1, 0, 1]), 'RIGHT', -1, ([0, 0, 0, 1], [0, 1, 0, 1]))
(([0, 0, 0, 1], [0, 1, 0, 1]), 'RIGHT', -1, ([0, 0, 0, 1], [0, 1, 0, 1]))
(([0, 0, 0, 1], [0, 1, 0, 1]), 'RIGHT', -1, ([0, 0, 0, 1], [0, 1, 0, 1]))
(([0, 0, 0, 1], [0, 1, 0, 1]), 'RIGHT', -1, ([0, 0, 1, 1], [0, 1, 0, 1]))
(([0, 0, 1, 1], [0, 1, 0, 1]), 'RIGHT', -100, ([0, 0, 0, 1], [1, 0, 0, 1]))
